20 12 15
b 29 c 22 c -37 c 42 c -8 b 11 b 17 c -37 b 7 c -42 b 25 b 10 b 22 b 23 c -13 c 16 b 25 c -23 b 9 b 41 
-26 -16 39 -1 -48 45 -12 22 -22 47 21 -8 49 -30 42 10 44 13 -28 -15 
26 41 41 -26 12 -9 -7 -2 1 -27 6 -11 12 -34 -43 -16 -9 -8 22 -15 
11 -19 -43 -24 -3 38 -40 -8 -25 43 43 -36 16 -3 31 -23 43 10 11 -30 
38 23 19 -30 27 -12 34 19 44 39 -40 17 -4 -19 -13 -28 -21 -29 36 -35 
-34 -30 47 -19 -22 18 -19 -45 -11 37 -15 25 18 27 15 16 -11 18 48 -50 
-44 33 -50 34 44 -38 -38 -46 -17 -12 34 -30 -26 2 -34 -45 18 40 -9 34 
-47 13 -32 -41 -33 30 32 12 9 -34 -19 -22 -10 -7 38 -22 -10 20 -46 -41 
14 45 33 -6 -23 35 21 31 -22 50 31 -45 -8 -35 25 -31 50 37 -37 -25 
35 -4 18 -38 22 -49 -11 46 -8 -20 9 25 -29 42 5 -26 27 45 -14 -36 
21 41 31 -50 17 -25 -22 33 -11 -19 42 -3 -24 14 33 25 35 38 -2 6 
8 -44 30 -33 -4 7 48 14 10 11 -28 50 -4 31 26 -25 17 -14 -48 -40 
50 -49 6 -19 41 10 -15 -35 -48 -27 3 8 -21 19 -20 -22 5 -19 33 29 
17 46 2 3 48 26 -31 21 5 -22 -49 46 -16 -20 4 -25 -40 4 3 -44 
-38 1 3 -23 11 34 41 16 46 7 35 20 -5 21 33 -10 -34 42 -32 44 
-11 4 9 -9 -8 4 -50 20 -49 -13 5 -3 -34 -25 10 -10 -48 -23 -39 13 
-50 -40 40 4 -2 -21 -42 45 20 44 -42 3 20 46 -10 
