20 20 12
b 60 b 120 b 180 b 180 b 48 b 24 b 60 b 60 b 216 b 180 b 72 b 180 b 126 b 90 b 108 b 54 b 90 b 90 b 90 b 90
1 1 1 1 0 0 0 0 0 0 0 0 0 0 0 0 0 0 0 0
-1 -1 -1 -1 0 0 0 0 0 0 0 0 0 0 0 0 0 0 0 0
0 0 0 0 1 1 1 1 0 0 0 0 0 0 0 0 0 0 0 0
0 0 0 0 -1 -1 -1 -1 0 0 0 0 0 0 0 0 0 0 0 0
0 0 0 0 0 0 0 0 1 1 1 1 0 0 0 0 0 0 0 0
0 0 0 0 0 0 0 0 -1 -1 -1 -1 0 0 0 0 0 0 0 0
0 0 0 0 0 0 0 0 0 0 0 0 1 1 1 1 0 0 0 0
0 0 0 0 0 0 0 0 0 0 0 0 -1 -1 -1 -1 0 0 0 0
-1 0 0 0 -1 0 0 0 -1 0 0 0 -1 0 0 0 4 0 0 0
0 -1 0 0 0 -1 0 0 0 -1 0 0 0 -1 0 0 0 4 0 0 
0 0 -1 0 0 0 -1 0 0 0 -1 0 0 0 -1 0 0 0 4 0
0 0 0 -1 0 0 0 -1 0 0 0 -1 0 0 0 -1 0 0 0 4
1 -1 1 -1 1 -1 1 -1 0 0 0 0
